
                SIFIVE, INC.

         5555555555555555555555555
        5555                   5555
       5555                     5555
      5555                       5555
     5555       5555555555555555555555
    5555       555555555555555555555555
   5555                             5555
  5555                               5555
 5555                                 5555
5555555555555555555555555555          55555
 55555           555555555           55555
   55555           55555           55555
     55555           5           55555
       55555                   55555
         55555               55555
           55555           55555
             55555       55555
               55555   55555
                 555555555
                   55555
                     5

           SiFive RISC-V Core IP
